ccddt: 0.0029296875 # ps per px
ccddv: 0.09765625   # THz per px

