ccddt: 0.02202006 # ps per px
ccddv: 0.35479013 # THz per px
